MONITOR_LCD_19 50245320 18 12 2006 600000
TARJETA_ADQUISICION_DATOS 50234575 18 12 2010 23900000
TELEFONO_IP 50652400 21 12 2009 163800
SILLA_GIRATORIA 50661216 4 5 2010 174900
WORKSTATION_DELL_T5810 50246330 1 4 2016 6495198
MONITOR_DELL 50245318 1 4 2016 300000
SILLA_GIRATORIA 50661217 4 5 2010 174900
WORKSTATION_DELL_T5810 50246328 1 4 2016 6495198
MONITOR_LCD_19 50245321 18 12 2006 600000
MONITOR_DELL 50245319 1 4 2016 300000
WORKSTATION_DELL_T5810 50246329 1 4 2016 6495198
SILLA_GIRATORIA 50661218 4 5 2010 174900