CAMARA_MULTISPECTRAL 50109673 09 12 2020 45678900
CAMARA_MULTISPECTRAL 50109673 09 12 2020 45678900
CAMARA_MULTISPECTRAL 50109676 02 30 2004 45678900
CAMARA_MULTISPECTRAL 50109676 02 30 2004 45678900
CAMARA_MULTISPECTRAL 50109677 02 30 2004 45678900
CAMARA_MULTISPECTRAL 50109677 02 30 2004 45678900
CAMARA_MONOCROMATICA 50109773 09 12 2021 786000
CAMARA_MONOCROMATICA 50109773 09 12 2021 786000
CAMARA_MONOCROMATICA 50109774 09 12 2021 786000
CAMARA_MONOCROMATICA 50109774 09 12 2021 786000
ESPECTROMETRO_FLAME_S 50109775 10 12 2011 28976456
ESPECTROMETRO_FLAME_S 50109775 10 12 2011 28976456
CAMARA_BASIER 50109830 01 02 2023 2734000
CAMARA_BASIER 50109830 01 02 2023 2734000
CAMARA_BASIER 50109831 01 02 2023 2734000
CAMARA_BASIER 50109831 01 02 2023 2734000
TARJETA_ADQUISICION_DATOS 50234574 18 12 2010 23900000
TARJETA_ADQUISICION_DATOS 50234574 18 12 2010 23900000
TARJETA_ADQUISICION_DATOS 50234575 18 12 2010 23900000
TARJETA_ADQUISICION_DATOS 50234575 18 12 2010 23900000
TARJETA_ADQUISICION_DATOS 50234576 18 12 2010 23900000
TARJETA_ADQUISICION_DATOS 50234576 18 12 2010 23900000
TARJETA_ADQUISICION_DATOS 50234577 18 12 2010 23900000
TARJETA_ADQUISICION_DATOS 50234577 18 12 2010 23900000
TARJETA_ADQUISICION_DATOS 50234578 18 12 2010 23900000
TARJETA_ADQUISICION_DATOS 50234578 18 12 2010 23900000
DRON_MAT300 50234581 12 10 2019 17568000
DRON_MAT300 50234581 12 10 2019 17568000
DRON_MAT300 50234582 12 10 2019 17568000
DRON_MAT300 50234582 12 10 2019 17568000
MONITOR_LCD_19 50245312 18 12 2006 600000
MONITOR_LCD_19 50245312 18 12 2006 600000
MONITOR_DELL 50245313 01 04 2016 300000
MONITOR_DELL 50245313 01 04 2016 300000
MONITOR_DELL 50245314 01 04 2016 300000
MONITOR_DELL 50245314 01 04 2016 300000
MONITOR_DELL 50245315 18 12 2006 600000
MONITOR_DELL 50245315 18 12 2006 600000
MONITOR_DELL 50245316 01 04 2016 300000
MONITOR_DELL 50245316 01 04 2016 300000
MONITOR_LCD_19 50245317 18 12 2006 600000
MONITOR_LCD_19 50245317 18 12 2006 600000
MONITOR_DELL 50245318 18 12 2006 600000
MONITOR_DELL 50245318 18 12 2006 600000
MONITOR_LCD_19 50245319 18 12 2006 600000
MONITOR_LCD_19 50245319 18 12 2006 600000
MONITOR_DELL 50245320 01 04 2016 300000
MONITOR_DELL 50245320 01 04 2016 300000
MONITOR_DELL 50245321 01 04 2016 300000
MONITOR_DELL 50245321 01 04 2016 300000
MONITOR_DELL 50245322 01 04 2016 300000
MONITOR_DELL 50245322 01 04 2016 300000
MONITOR_DELL 50245323 01 04 2016 300000
MONITOR_DELL 50245323 01 04 2016 300000
MONITOR_DELL 50245324 01 04 2016 300000
MONITOR_DELL 50245324 01 04 2016 300000
MONITOR_LCD_19 50245325 18 12 2006 600000
MONITOR_LCD_19 50245325 18 12 2006 600000
MONITOR_LCD_19 50245326 18 12 2006 600000
MONITOR_LCD_19 50245326 18 12 2006 600000
CPU_HP_Z600 50246323 21 12 2009 7323400
CPU_HP_Z600 50246323 21 12 2009 7323400
WORKSTATION_DELL_T5810 50246324 01 04 2016 6495198
WORKSTATION_DELL_T5810 50246324 01 04 2016 6495198
WORKSTATION_DELL_T5810 50246326 01 04 2016 6495198
WORKSTATION_DELL_T5810 50246326 01 04 2016 6495198
WORKSTATION_DELL_T5810 50246327 01 04 2016 6495198
WORKSTATION_DELL_T5810 50246327 01 04 2016 6495198
WORKSTATION_DELL_T5810 50246328 01 04 2016 6495198
WORKSTATION_DELL_T5810 50246328 01 04 2016 6495198
WORKSTATION_DELL_T5810 50246329 01 04 2016 6495198
WORKSTATION_DELL_T5810 50246329 01 04 2016 6495198
WORKSTATION_DELL_T5810 50246330 01 04 2016 6495198
WORKSTATION_DELL_T5810 50246330 01 04 2016 6495198
WORKSTATION_DELL_T5810 50246331 01 04 2016 6495198
WORKSTATION_DELL_T5810 50246331 01 04 2016 6495198
WORKSTATION_DELL_T5810 50246332 01 04 2016 6495198
WORKSTATION_DELL_T5810 50246332 01 04 2016 6495198
CPU_HP_Z600 50246333 21 12 2009 7323400
CPU_HP_Z600 50246333 21 12 2009 7323400
ESTANTE_MADERA 50645678 10 12 2013 440000
ESTANTE_MADERA 50645678 10 12 2013 440000
ESTANTE_MADERA 50645679 10 12 2013 440000
ESTANTE_MADERA 50645679 10 12 2013 440000
ESTANTE_MADERA 50645680 10 12 2013 440000
ESTANTE_MADERA 50645680 10 12 2013 440000
TELEFONO_IP 50652398 21 12 2009 163800
TELEFONO_IP 50652398 21 12 2009 163800
TELEFONO_IP 50652400 21 12 2009 163800
TELEFONO_IP 50652400 21 12 2009 163800
TELEFONO_IP 50652401 21 12 2009 163800
TELEFONO_IP 50652401 21 12 2009 163800
TELEFONO_IP 50652402 21 12 2009 163800
TELEFONO_IP 50652402 21 12 2009 163800
TELEFON
Alberto-Guzman 1252535343 ESPECTROMETRO_FLAME_S 50109776 30 12 2006 28976456_GIRATORIA 50661212 04 05 2010 174900
SILLA_GIRATORIA 50661212 04 05 2010 174900
SILLA_GIRATORIA 50661213 04 05 2010 174900
SILLA_GIRATORIA 50661213 04 05 2010 174900
SILLA_GIRATORIA 50661214 04 05 2010 174900
SILLA_GIRATORIA 50661214 04 05 2010 174900
SILLA_GIRATORIA 50661215 04 05 2010 174900
SILLA_GIRATORIA 50661215 04 05 2010 174900
SILLA_GIRATORIA 50661216 04 05 2010 174900
SILLA_GIRATORIA 50661216 04 05 2010 174900
SILLA_GIRATORIA 50661217 04 05 2010 174900
SILLA_GIRATORIA 50661217 04 05 2010 174900
SILLA_GIRATORIA 50661218 04 05 2010 174900
SILLA_GIRATORIA 50661218 04 05 2010 174900
SILLA_GIRATORIA 50661219 04 05 2010 174900
SILLA_GIRATORIA 50661219 04 05 2010 174900
SILLA_GIRATORIA 50661219 04 05 2010 174900
SILLA_GIRATORIA 50661219 04 05 2010 174900
IMPRESORA_3D 50661220 22 07 2021 500000
IMPRESORA_3D 50661220 22 07 2021 500000
SILLA_GIRATORIA 50661221 04 05 2010 174900
SILLA_GIRATORIA 50661221 04 05 2010 174900
CPURYZEN_6T_4GB 50661233 03 09 2014 1590000
CPURYZEN_6T_4GB 50661233 03 09 2014 1590000
TODO_EN_UNO_IMAC_27 50661259 09 12 2020 11862048
TODO_EN_UNO_IMAC_27 50661259 09 12 2020 11862048
TODO_EN_UNO_IMAC_27 50661260 09 12 2020 11862048
TODO_EN_UNO_IMAC_27 50661260 09 12 2020 11862048